360
10
18 2
1 1 199 19900
2 0 213 21300
3 0 114 11400
4 1 96 19200
5 0 104 52000
6 0 99 9900
7 0 78 39000
8 0 137 27400
9 0 66 13200
10 0 181 18100
11 0 173 86500
12 0 158 31600
13 0 65 32500
14 0 50 5000
15 0 64 12800
16 0 69 34500
17 0 233 116500
18 0 216 108000
19 0 234 23400
20 0 194 38800
16 4
21 0 193 38600
22 0 70 14000
23 0 83 16600
24 0 150 30000
25 0 41 8200
26 0 44 22000
27 0 69 13800
28 0 192 96000
29 0 171 34200
30 1 189 94500
31 0 99 49500
32 0 65 6500
33 1 66 6600
34 1 38 19000
35 0 209 104500
36 0 226 113000
37 0 56 11200
38 0 80 8000
39 1 37 7400
40 0 83 41500
13 7
41 0 225 112500
42 1 62 6200
43 0 171 85500
44 0 172 34400
45 0 218 21800
46 1 77 15400
47 1 194 97000
48 0 178 89000
49 0 126 12600
50 0 87 17400
51 0 123 61500
52 0 130 65000
53 0 190 95000
54 1 230 115000
55 1 230 46000
56 1 72 36000
57 0 97 19400
58 1 185 37000
59 0 115 57500
60 0 67 33500
14 6
61 0 182 18200
62 0 120 12000
63 0 227 22700
64 1 140 14000
65 0 169 84500
66 1 172 86000
67 1 138 69000
68 1 212 106000
69 0 126 63000
70 0 53 26500
71 0 124 62000
72 0 124 24800
73 0 218 21800
74 0 86 43000
75 1 51 25500
76 1 55 27500
77 0 198 99000
78 0 70 7000
79 0 77 7700
80 0 49 24500
12 8
81 0 171 85500
82 0 233 23300
83 0 208 41600
84 0 161 16100
85 1 228 45600
86 0 105 21000
87 1 145 14500
88 0 203 40600
89 1 225 45000
90 0 201 100500
91 0 107 53500
92 0 86 43000
93 1 127 25400
94 1 41 8200
95 1 233 116500
96 1 129 64500
97 1 114 57000
98 0 176 35200
99 0 231 23100
100 0 56 11200
15 5
101 0 120 60000
102 0 230 23000
103 0 164 16400
104 0 160 80000
105 1 157 15700
106 0 233 23300
107 1 95 47500
108 0 150 15000
109 0 201 20100
110 0 39 19500
111 0 135 67500
112 1 213 42600
113 1 33 6600
114 0 114 22800
115 0 45 9000
116 1 84 16800
117 0 156 78000
118 0 64 6400
119 0 135 13500
120 0 195 19500
12 8
121 0 187 37400
122 0 234 46800
123 1 74 7400
124 1 153 15300
125 0 195 19500
126 0 105 10500
127 1 202 40400
128 0 160 32000
129 1 178 89000
130 1 179 89500
131 0 234 117000
132 1 225 22500
133 1 166 83000
134 0 128 12800
135 0 168 84000
136 0 207 41400
137 1 39 3900
138 0 83 8300
139 0 111 22200
140 0 194 97000
13 7
141 0 75 37500
142 0 204 102000
143 0 120 24000
144 0 175 17500
145 1 69 6900
146 0 102 51000
147 0 73 14600
148 0 130 13000
149 1 235 117500
150 0 222 22200
151 1 216 108000
152 0 177 17700
153 0 166 16600
154 1 118 23600
155 0 116 23200
156 1 201 100500
157 0 83 41500
158 0 117 23400
159 1 52 10400
160 1 179 35800
13 7
161 1 198 19800
162 0 172 86000
163 1 214 42800
164 0 192 19200
165 0 75 37500
166 1 175 87500
167 0 120 24000
168 1 78 7800
169 0 97 48500
170 0 97 9700
171 1 197 39400
172 0 52 10400
173 0 105 21000
174 1 135 67500
175 0 106 53000
176 1 129 12900
177 0 155 77500
178 0 85 17000
179 0 80 40000
180 0 202 20200
15 5
181 0 98 49000
182 0 145 14500
183 1 51 25500
184 0 47 9400
185 0 180 90000
186 0 166 33200
187 1 72 14400
188 1 181 36200
189 0 114 57000
190 0 60 30000
191 0 147 14700
192 0 112 56000
193 1 215 107500
194 0 102 10200
195 0 78 39000
196 0 123 24600
197 0 202 40400
198 0 78 15600
199 1 189 18900
200 0 117 11700
